4.904 62.580 -52.470 -83.706 -44.517 82.517 96.398 -94.152 88.762 55.913
-19.386 -2.665 52.338 -81.971 63.543 -91.918 52.977 35.670 33.597 -23.831 80.755
-41.887 51.237 -53.050 -23.405 93.318 9.147 -96.318 86.729 -80.323 82.152 65.578 87.839 -83.124 -58.607
-68.558 15.203 -5.851 -14.653 -32.048 86.052 91.504 -85.978 -82.623 93.690
-25.123 -83.190 88.303 71.718 -36.417 -14.129 -23.587 -66.402 -90.761 -93.374 52.563 26.178
57.165 -50.318 -100.024 3.858 -39.057 61.144 80.593 70.340 96.654 89.226 63.024 -4.873 -0.172 52.219 40.961 -68.412 -64.495 49.160 71.082
-99.122 45.850 67.779 57.803 14.922 67.858 58.244 -14.385 52.465 40.507 55.668 -3.365 -68.078 -46.363
-7.489 61.290 -83.940 -55.720 54.982 -36.885 34.065 -77.929 12.573 30.887 64.182 -31.452 94.480 -50.343 59.404 29.027 12.361 -59.829
13.601 69.052 -99.339 59.069 -65.171 39.180 73.920 94.998 99.422 -21.480 79.459 -28.102
-21.810 4.431 2.147 43.617 35.272 69.123 63.322 -71.026 61.978 24.811 84.914 -0.597 -35.394
-51.343 -90.287 39.955 64.874 28.383 55.630 -50.773 89.250 -52.869 87.159 75.077
-53.654 -45.611 -84.560 -97.935 17.375 -24.061 -39.895 64.100 66.114 30.461 77.068 -29.702 79.270 67.503 -30.066 98.411
46.965 17.439 -78.804 -9.083 25.387 33.749 -25.819 -90.398 53.198 9.940 -28.202 87.813
-22.908 -89.790 -39.182 -65.125 -27.475 6.668 92.074 -7.185 65.408 57.584 -16.862 76.433 -62.222 49.173 9.181 -6.250
-7.706 -71.305 36.470 -46.690 28.697 18.461 5.296 48.295 -71.991 100.156 21.511 -51.009 -97.545 -11.429 57.835 -82.484
62.457 73.795 52.416 83.213 -22.142 35.249 -22.283 32.813 52.932 86.701 16.962 41.254 -86.928 -1.136
80.036 -78.937 -24.076 -50.604 41.802 84.086 -51.018 -17.279 5.083 73.740
91.985 -66.943 -18.208 16.960 33.714 -42.271 -61.420 -50.419 -26.508 61.044 -25.529 14.238 -7.659 -49.506 -22.236 -79.570 49.709 -81.051 39.010
-35.738 -51.155 53.091 -71.231 56.337 45.544 -81.626 -69.532 14.617 52.979 44.608 55.050 -0.596 -22.834 40.237
56.578 91.967 8.161 -48.847 17.433 55.834 -83.864 -26.780 -75.846 -44.868 -85.487
